{
 "cells": [
  {
   "cell_type": "code",
   "execution_count": 1,
   "metadata": {},
   "outputs": [
    {
     "name": "stderr",
     "output_type": "stream",
     "text": [
      "/Users/charlesoneill/miniconda3/envs/sparse-inference/lib/python3.12/site-packages/tqdm/auto.py:21: TqdmWarning: IProgress not found. Please update jupyter and ipywidgets. See https://ipywidgets.readthedocs.io/en/stable/user_install.html\n",
      "  from .autonotebook import tqdm as notebook_tqdm\n"
     ]
    }
   ],
   "source": [
    "import torch\n",
    "import numpy as np\n",
    "from torch import nn\n",
    "from torch.nn import functional as F\n",
    "from tqdm.auto import tqdm\n",
    "\n",
    "# from models import SparseAutoEncoder, MLP, SparseCoding\n",
    "from utils import generate_data, reconstruction_loss_with_l1\n",
    "from metrics import mcc, greedy_mcc\n",
    "from models import SparseAutoEncoder, MLP, SparseCoding\n",
    "\n",
    "# Autoreload\n",
    "%load_ext autoreload\n",
    "%autoreload 2"
   ]
  },
  {
   "cell_type": "code",
   "execution_count": 44,
   "metadata": {},
   "outputs": [],
   "source": [
    "device = 'cuda' if torch.cuda.is_available() else 'cpu'\n",
    "\n",
    "def calculate_dict_mcc(D_true, D_learned):\n",
    "    print(D_true.shape, D_learned.shape)\n",
    "    return greedy_mcc(D_true.cpu().numpy(), D_learned.cpu().numpy())\n",
    "\n",
    "def train_model(model, X_train, S_train, D_true, num_steps=30_000):\n",
    "    optimizer = torch.optim.Adam(model.parameters(), lr=1e-3)\n",
    "    for _ in range(num_steps):\n",
    "        S_, X_ = model(X_train, norm_D=True)\n",
    "        loss = reconstruction_loss_with_l1(X_train, X_, S_, l1_weight=0.1)\n",
    "        optimizer.zero_grad()\n",
    "        loss.backward()\n",
    "        optimizer.step()\n",
    "    \n",
    "    # Calculate final metrics\n",
    "    with torch.no_grad():\n",
    "        S_, _ = model(X_train, norm_D=False)\n",
    "        latent_mcc = greedy_mcc(S_train.cpu().numpy(), S_.cpu().numpy())\n",
    "        if isinstance(model, (SparseAutoEncoder, MLP)):\n",
    "            D_learned = model.decoder.weight.data\n",
    "        elif isinstance(model, SparseCoding):\n",
    "            D_learned = model.D.data\n",
    "        dict_mcc = calculate_dict_mcc(D_true, D_learned)\n",
    "    \n",
    "    return latent_mcc, dict_mcc, D_learned\n",
    "\n",
    "def train_and_get_weights(true_N, model_N, M, K, num_data, seed=20240926):\n",
    "    # Generate data\n",
    "    S, X, D = generate_data(true_N, M, K, num_data, seed=seed)\n",
    "    D = D.T\n",
    "    X_train = X.to(device)\n",
    "    S_train = S.to(device)\n",
    "    D_true = D.to(device)\n",
    "\n",
    "    # Create a D_random with shape model_N x M\n",
    "    D_random = torch.randn(M, model_N).to(device)\n",
    "\n",
    "    # Initialize models\n",
    "    models = {\n",
    "        'SparseCoding': SparseCoding(X_train, D_random, learn_D=True).to(device),\n",
    "        'SAE': SparseAutoEncoder(M, model_N, D_true, learn_D=True).to(device),\n",
    "        'MLP': MLP(M, model_N, 256, D_true, learn_D=True).to(device),\n",
    "    }\n",
    "\n",
    "    # Train models and get metrics\n",
    "    metrics = {}\n",
    "    decoder_weights = {}\n",
    "    for name, model in tqdm(models.items(), desc=\"Training models\"):\n",
    "        latent_mcc, dict_mcc, D_learned = train_model(model, X_train, S_train, D_true)\n",
    "        metrics[name] = {'latent_mcc': latent_mcc, 'dict_mcc': dict_mcc}\n",
    "        decoder_weights[name] = D_learned\n",
    "\n",
    "    return decoder_weights, metrics"
   ]
  },
  {
   "cell_type": "code",
   "execution_count": 45,
   "metadata": {},
   "outputs": [
    {
     "name": "stdout",
     "output_type": "stream",
     "text": [
      "SAE decoder shape = torch.Size([8, 24])\n",
      "SAE decoder shape = torch.Size([8, 24])\n",
      "MLP decoder shape = torch.Size([8, 24])\n",
      "MLP decoder shape = torch.Size([8, 24])\n"
     ]
    },
    {
     "name": "stderr",
     "output_type": "stream",
     "text": [
      "Training models:  33%|███▎      | 1/3 [00:17<00:35, 17.78s/it]"
     ]
    },
    {
     "name": "stdout",
     "output_type": "stream",
     "text": [
      "torch.Size([8, 16]) torch.Size([8, 24])\n"
     ]
    },
    {
     "name": "stderr",
     "output_type": "stream",
     "text": [
      "Training models:  67%|██████▋   | 2/3 [00:25<00:11, 11.94s/it]"
     ]
    },
    {
     "name": "stdout",
     "output_type": "stream",
     "text": [
      "torch.Size([8, 16]) torch.Size([8, 24])\n",
      "torch.Size([8, 16]) torch.Size([8, 24])\n"
     ]
    },
    {
     "name": "stderr",
     "output_type": "stream",
     "text": [
      "Training models: 100%|██████████| 3/3 [00:57<00:00, 19.24s/it]"
     ]
    },
    {
     "name": "stdout",
     "output_type": "stream",
     "text": [
      "SparseCoding:\n",
      "  Decoder shape: torch.Size([8, 24])\n",
      "  Final Latent MCC: 0.7040\n",
      "  Final Dictionary MCC: 0.8537\n",
      "\n",
      "SAE:\n",
      "  Decoder shape: torch.Size([8, 24])\n",
      "  Final Latent MCC: 0.6079\n",
      "  Final Dictionary MCC: 0.7789\n",
      "\n",
      "MLP:\n",
      "  Decoder shape: torch.Size([8, 24])\n",
      "  Final Latent MCC: 0.8200\n",
      "  Final Dictionary MCC: 0.9226\n",
      "\n"
     ]
    },
    {
     "name": "stderr",
     "output_type": "stream",
     "text": [
      "\n"
     ]
    }
   ],
   "source": [
    "# Parameters\n",
    "true_N, model_N, M, K = 16, 24, 8, 3\n",
    "num_data = 1024\n",
    "\n",
    "# Train models and get decoder weights and metrics\n",
    "decoder_weights, metrics = train_and_get_weights(true_N, model_N, M, K, num_data)\n",
    "\n",
    "# Print shapes of decoder weights and final metrics\n",
    "for name, weights in decoder_weights.items():\n",
    "    print(f\"{name}:\")\n",
    "    print(f\"  Decoder shape: {weights.shape}\")\n",
    "    print(f\"  Final Latent MCC: {metrics[name]['latent_mcc']:.4f}\")\n",
    "    print(f\"  Final Dictionary MCC: {metrics[name]['dict_mcc']:.4f}\")\n",
    "    print()"
   ]
  },
  {
   "cell_type": "code",
   "execution_count": 46,
   "metadata": {},
   "outputs": [
    {
     "name": "stdout",
     "output_type": "stream",
     "text": [
      "SAE decoder column norms = tensor([1.0012, 1.0032, 1.0027, 1.0000, 1.0028, 1.0027, 1.0012, 1.0030, 1.0030,\n",
      "        1.0004, 1.0000, 1.0037, 1.0024, 1.0033, 1.0031, 1.0031, 1.0000, 1.0000,\n",
      "        1.0000, 1.0000, 1.0027, 1.0006, 1.0018, 1.0024])\n",
      "MLP decoder column norms = tensor([1.0022, 1.0022, 1.0019, 1.0021, 1.0000, 1.0022, 1.0018, 1.0020, 1.0024,\n",
      "        1.0025, 1.0021, 1.0017, 1.0000, 1.0021, 1.0018, 1.0026, 1.0025, 1.0025,\n",
      "        1.0020, 1.0000, 1.0021, 1.0021, 1.0000, 1.0023])\n",
      "SparseCoding decoder column norms = tensor([1.0023, 1.0027, 1.0025, 1.0026, 1.0022, 1.0027, 1.0024, 1.0026, 1.0025,\n",
      "        1.0030, 1.0029, 1.0024, 1.0021, 1.0024, 1.0026, 1.0027, 1.0025, 1.0022,\n",
      "        1.0027, 1.0027, 1.0028, 1.0026, 1.0027, 1.0021])\n"
     ]
    }
   ],
   "source": [
    "# Print column norms of the decoder weight matrix\n",
    "d = decoder_weights['SAE']\n",
    "print(f\"SAE decoder column norms = {torch.linalg.norm(d, dim=0)}\")\n",
    "d = decoder_weights['MLP']\n",
    "print(f\"MLP decoder column norms = {torch.linalg.norm(d, dim=0)}\")\n",
    "d = decoder_weights['SparseCoding']\n",
    "print(f\"SparseCoding decoder column norms = {torch.linalg.norm(d, dim=0)}\")"
   ]
  },
  {
   "cell_type": "code",
   "execution_count": 47,
   "metadata": {},
   "outputs": [],
   "source": [
    "d = decoder_weights['SAE']\n",
    "\n",
    "DT_D = d.T @ d #d @ d.T\n",
    "DT_D.shape\n",
    "\n",
    "# Sort DT_D by the value on the diagonal\n",
    "DT_D_sorted = DT_D#[np.argsort(DT_D.diagonal())]"
   ]
  },
  {
   "cell_type": "code",
   "execution_count": 48,
   "metadata": {},
   "outputs": [
    {
     "data": {
      "application/vnd.plotly.v1+json": {
       "config": {
        "plotlyServerURL": "https://plot.ly"
       },
       "data": [
        {
         "coloraxis": "coloraxis",
         "hovertemplate": "x: %{x}<br>y: %{y}<br>color: %{z}<extra></extra>",
         "name": "0",
         "type": "heatmap",
         "xaxis": "x",
         "yaxis": "y",
         "z": [
          [
           1.002446174621582,
           0.13685756921768188,
           -0.18846888840198517,
           -0.5829758644104004,
           0.11294862627983093,
           -0.05876464396715164,
           -0.2848926782608032,
           0.21343913674354553,
           0.1643315851688385,
           0.3982742428779602,
           0.18342538177967072,
           -0.963265597820282,
           -0.123807892203331,
           -0.04034142941236496,
           -0.09544605016708374,
           0.07769270241260529,
           0.3363889157772064,
           0.3962995111942291,
           -0.39580169320106506,
           -0.6730368137359619,
           -0.0017688162624835968,
           0.32729077339172363,
           0.07888209819793701,
           -0.08847042918205261
          ],
          [
           0.13685756921768188,
           1.006508231163025,
           -0.10675625503063202,
           -0.45646047592163086,
           -0.021169109269976616,
           -0.06192675977945328,
           0.409233421087265,
           0.1068710908293724,
           -0.39891287684440613,
           -0.1479502022266388,
           -0.16819854080677032,
           -0.18367837369441986,
           0.045092977583408356,
           -0.04006071761250496,
           0.05356360971927643,
           -0.006818113848567009,
           0.11635427176952362,
           -0.3744383156299591,
           -0.06485215574502945,
           -0.08535551279783249,
           0.01846320554614067,
           0.05551666021347046,
           0.12698236107826233,
           -0.9992327690124512
          ],
          [
           -0.18846888840198517,
           -0.10675625503063202,
           1.0053774118423462,
           0.1305597871541977,
           0.05781550332903862,
           0.13114631175994873,
           0.03432131186127663,
           -1.0031194686889648,
           -0.0480426549911499,
           0.23106904327869415,
           0.07404476404190063,
           0.23987986147403717,
           -0.046480223536491394,
           -0.20400939881801605,
           0.03212318941950798,
           -0.033951595425605774,
           0.5312559008598328,
           0.43859097361564636,
           0.701263964176178,
           -0.11099769175052643,
           0.21573854982852936,
           -0.744303822517395,
           -0.13338249921798706,
           0.15269814431667328
          ],
          [
           -0.5829758644104004,
           -0.45646047592163086,
           0.1305597871541977,
           1.0000001192092896,
           0.3436864912509918,
           0.16937242448329926,
           0.300891637802124,
           -0.15300500392913818,
           -0.28196749091148376,
           0.2701748311519623,
           -0.32374268770217896,
           0.5791237950325012,
           -0.3422723114490509,
           -0.09240491688251495,
           0.524951696395874,
           -0.5320842266082764,
           -0.20651257038116455,
           0.05306011810898781,
           0.2196042537689209,
           0.29857194423675537,
           0.06041516363620758,
           -0.2628761827945709,
           -0.22430159151554108,
           0.4784349799156189
          ],
          [
           0.11294862627983093,
           -0.021169109269976616,
           0.05781550332903862,
           0.3436864912509918,
           1.005640983581543,
           -0.08481798321008682,
           0.04595351591706276,
           -0.02317148447036743,
           -0.04063934087753296,
           0.1578861027956009,
           0.10209078341722488,
           -0.02010108157992363,
           -1.0021992921829224,
           -0.03419727459549904,
           -0.038338471204042435,
           0.022582221776247025,
           0.6262754201889038,
           0.37569326162338257,
           -0.3038555979728699,
           -0.3408459722995758,
           -0.006840307265520096,
           -0.5532403588294983,
           0.028475815430283546,
           0.10352823138237
          ],
          [
           -0.05876464396715164,
           -0.06192675977945328,
           0.13114631175994873,
           0.16937242448329926,
           -0.08481798321008682,
           1.0053434371948242,
           -0.1893816590309143,
           -0.11227885633707047,
           0.2565956115722656,
           -0.09489219635725021,
           0.47233060002326965,
           0.17328177392482758,
           0.1294192373752594,
           -0.061944615095853806,
           -0.024953074753284454,
           0.07358990609645844,
           0.03551254794001579,
           -0.14862442016601562,
           0.23804013431072235,
           -0.1641823947429657,
           0.11914027482271194,
           -0.0060429866425693035,
           -1.0004496574401855,
           0.04251274839043617
          ],
          [
           -0.2848926782608032,
           0.409233421087265,
           0.03432131186127663,
           0.300891637802124,
           0.04595351591706276,
           -0.1893816590309143,
           1.0024765729904175,
           -0.05725216865539551,
           -0.9864239692687988,
           -0.06823321431875229,
           -0.8307722210884094,
           0.31462329626083374,
           -0.01628960482776165,
           0.0660669207572937,
           0.23079560697078705,
           -0.23506659269332886,
           -0.004354475997388363,
           -0.36288440227508545,
           0.09860848635435104,
           0.5579876899719238,
           -0.08719351887702942,
           -0.08405957370996475,
           0.2151530236005783,
           -0.38867712020874023
          ],
          [
           0.21343913674354553,
           0.1068710908293724,
           -1.0031194686889648,
           -0.15300500392913818,
           -0.02317148447036743,
           -0.11227885633707047,
           -0.05725216865539551,
           1.0059702396392822,
           0.0754539892077446,
           -0.25006356835365295,
           -0.024600526317954063,
           -0.24846449494361877,
           0.014691163785755634,
           0.18584169447422028,
           -0.08443550020456314,
           0.08813562989234924,
           -0.48393991589546204,
           -0.4403185546398163,
           -0.7067790627479553,
           0.0951404944062233,
           -0.19287845492362976,
           0.7136728763580322,
           0.11258634924888611,
           -0.1509758085012436
          ],
          [
           0.1643315851688385,
           -0.39891287684440613,
           -0.0480426549911499,
           -0.28196749091148376,
           -0.04063934087753296,
           0.2565956115722656,
           -0.9864239692687988,
           0.0754539892077446,
           1.0060375928878784,
           -0.09624127298593521,
           0.8850142359733582,
           -0.1719183474779129,
           0.01892794668674469,
           -0.029738841578364372,
           -0.3385905623435974,
           0.3487560749053955,
           0.010729682631790638,
           0.2553579807281494,
           -0.09102875739336014,
           -0.4645976424217224,
           0.07131469994783401,
           0.03036918304860592,
           -0.2845224440097809,
           0.36684650182724
          ],
          [
           0.3982742428779602,
           -0.1479502022266388,
           0.23106904327869415,
           0.2701748311519623,
           0.1578861027956009,
           -0.09489219635725021,
           -0.06823321431875229,
           -0.25006356835365295,
           -0.09624127298593521,
           1.000842571258545,
           -0.17688673734664917,
           -0.4838898181915283,
           -0.18343549966812134,
           -0.4706786274909973,
           0.7400978207588196,
           -0.742408037185669,
           -0.032869454473257065,
           0.505988359451294,
           0.2383396178483963,
           -0.43827271461486816,
           0.3629252314567566,
           0.023175394162535667,
           0.08391134440898895,
           0.22115950286388397
          ],
          [
           0.18342538177967072,
           -0.16819854080677032,
           0.07404476404190063,
           -0.32374268770217896,
           0.10209078341722488,
           0.47233060002326965,
           -0.8307722210884094,
           -0.024600526317954063,
           0.8850142359733582,
           -0.17688673734664917,
           1,
           -0.09254267811775208,
           -0.08904677629470825,
           -0.24459189176559448,
           -0.4902611970901489,
           0.5324086546897888,
           0.25923779606819153,
           0.06774778664112091,
           0.07935864478349686,
           -0.4207133650779724,
           0.3097670376300812,
           -0.21054299175739288,
           -0.4939858317375183,
           0.15088368952274323
          ],
          [
           -0.963265597820282,
           -0.18367837369441986,
           0.23987986147403717,
           0.5791237950325012,
           -0.02010108157992363,
           0.17328177392482758,
           0.31462329626083374,
           -0.24846449494361877,
           -0.1719183474779129,
           -0.4838898181915283,
           -0.09254267811775208,
           1.0073349475860596,
           0.04782366380095482,
           -0.008442491292953491,
           -0.09254763275384903,
           0.11366111785173416,
           -0.16645807027816772,
           -0.4363006055355072,
           0.43001511693000793,
           0.7182668447494507,
           0.0745798647403717,
           -0.452430784702301,
           -0.20012304186820984,
           0.1415652334690094
          ],
          [
           -0.123807892203331,
           0.045092977583408356,
           -0.046480223536491394,
           -0.3422723114490509,
           -1.0021992921829224,
           0.1294192373752594,
           -0.01628960482776165,
           0.014691163785755634,
           0.01892794668674469,
           -0.18343549966812134,
           -0.08904677629470825,
           0.04782366380095482,
           1.0048376321792603,
           0.006120237521827221,
           0.011083222925662994,
           0.009741061367094517,
           -0.6057564616203308,
           -0.42164304852485657,
           0.33478298783302307,
           0.3690732717514038,
           0.04099269583821297,
           0.5278368592262268,
           -0.07196728885173798,
           -0.12773533165454865
          ],
          [
           -0.04034142941236496,
           -0.04006071761250496,
           -0.20400939881801605,
           -0.09240491688251495,
           -0.03419727459549904,
           -0.061944615095853806,
           0.0660669207572937,
           0.18584169447422028,
           -0.029738841578364372,
           -0.4706786274909973,
           -0.24459189176559448,
           -0.008442491292953491,
           0.006120237521827221,
           1.0066440105438232,
           -0.17794519662857056,
           0.10380959510803223,
           0.05251848325133324,
           0.26512280106544495,
           -0.6762458682060242,
           -0.12004556506872177,
           -0.9965393543243408,
           0.30524101853370667,
           0.07443052530288696,
           0.013623038306832314
          ],
          [
           -0.09544605016708374,
           0.05356360971927643,
           0.03212318941950798,
           0.524951696395874,
           -0.038338471204042435,
           -0.024953074753284454,
           0.23079560697078705,
           -0.08443550020456314,
           -0.3385905623435974,
           0.7400978207588196,
           -0.4902611970901489,
           -0.09254763275384903,
           0.011083222925662994,
           -0.17794519662857056,
           1.006245732307434,
           -1.0006095170974731,
           -0.45425036549568176,
           0.18003825843334198,
           0.17283673584461212,
           -0.1401050090789795,
           0.06783060729503632,
           0.23309670388698578,
           0.030942797660827637,
           -0.022904101759195328
          ],
          [
           0.07769270241260529,
           -0.006818113848567009,
           -0.033951595425605774,
           -0.5320842266082764,
           0.022582221776247025,
           0.07358990609645844,
           -0.23506659269332886,
           0.08813562989234924,
           0.3487560749053955,
           -0.742408037185669,
           0.5324086546897888,
           0.11366111785173416,
           0.009741061367094517,
           0.10380959510803223,
           -1.0006095170974731,
           1.0061782598495483,
           0.43370625376701355,
           -0.24796757102012634,
           -0.11803615093231201,
           0.15500155091285706,
           0.009638331830501556,
           -0.2444755584001541,
           -0.07741986960172653,
           -0.026341203600168228
          ],
          [
           0.3363889157772064,
           0.11635427176952362,
           0.5312559008598328,
           -0.20651257038116455,
           0.6262754201889038,
           0.03551254794001579,
           -0.004354475997388363,
           -0.48393991589546204,
           0.010729682631790638,
           -0.032869454473257065,
           0.25923779606819153,
           -0.16645807027816772,
           -0.6057564616203308,
           0.05251848325133324,
           -0.45425036549568176,
           0.43370625376701355,
           1,
           0.48509109020233154,
           -0.03246144950389862,
           -0.421426922082901,
           -0.037539705634117126,
           -0.6896717548370361,
           -0.04917142912745476,
           -0.04061289131641388
          ],
          [
           0.3962995111942291,
           -0.3744383156299591,
           0.43859097361564636,
           0.05306011810898781,
           0.37569326162338257,
           -0.14862442016601562,
           -0.36288440227508545,
           -0.4403185546398163,
           0.2553579807281494,
           0.505988359451294,
           0.06774778664112091,
           -0.4363006055355072,
           -0.42164304852485657,
           0.26512280106544495,
           0.18003825843334198,
           -0.24796757102012634,
           0.48509109020233154,
           1,
           -0.1785978227853775,
           -0.7184233665466309,
           -0.3272179663181305,
           -0.2191164791584015,
           0.12188247591257095,
           0.44444555044174194
          ],
          [
           -0.39580169320106506,
           -0.06485215574502945,
           0.701263964176178,
           0.2196042537689209,
           -0.3038555979728699,
           0.23804013431072235,
           0.09860848635435104,
           -0.7067790627479553,
           -0.09102875739336014,
           0.2383396178483963,
           0.07935864478349686,
           0.43001511693000793,
           0.33478298783302307,
           -0.6762458682060242,
           0.17283673584461212,
           -0.11803615093231201,
           -0.03246144950389862,
           -0.1785978227853775,
           1.0000001192092896,
           0.32766780257225037,
           0.7050729990005493,
           -0.4868568181991577,
           -0.23276548087596893,
           0.06613493710756302
          ],
          [
           -0.6730368137359619,
           -0.08535551279783249,
           -0.11099769175052643,
           0.29857194423675537,
           -0.3408459722995758,
           -0.1641823947429657,
           0.5579876899719238,
           0.0951404944062233,
           -0.4645976424217224,
           -0.43827271461486816,
           -0.4207133650779724,
           0.7182668447494507,
           0.3690732717514038,
           -0.12004556506872177,
           -0.1401050090789795,
           0.15500155091285706,
           -0.421426922082901,
           -0.7184233665466309,
           0.32766780257225037,
           1.0000001192092896,
           0.1781678944826126,
           -0.035624392330646515,
           0.16252736747264862,
           0.030004194006323814
          ],
          [
           -0.0017688162624835968,
           0.01846320554614067,
           0.21573854982852936,
           0.06041516363620758,
           -0.006840307265520096,
           0.11914027482271194,
           -0.08719351887702942,
           -0.19287845492362976,
           0.07131469994783401,
           0.3629252314567566,
           0.3097670376300812,
           0.0745798647403717,
           0.04099269583821297,
           -0.9965393543243408,
           0.06783060729503632,
           0.009638331830501556,
           -0.037539705634117126,
           -0.3272179663181305,
           0.7050729990005493,
           0.1781678944826126,
           1.0053969621658325,
           -0.3305800259113312,
           -0.131484255194664,
           -0.0012896009720861912
          ],
          [
           0.32729077339172363,
           0.05551666021347046,
           -0.744303822517395,
           -0.2628761827945709,
           -0.5532403588294983,
           -0.0060429866425693035,
           -0.08405957370996475,
           0.7136728763580322,
           0.03036918304860592,
           0.023175394162535667,
           -0.21054299175739288,
           -0.452430784702301,
           0.5278368592262268,
           0.30524101853370667,
           0.23309670388698578,
           -0.2444755584001541,
           -0.6896717548370361,
           -0.2191164791584015,
           -0.4868568181991577,
           -0.035624392330646515,
           -0.3305800259113312,
           1.0011786222457886,
           0.04408301040530205,
           -0.11052125692367554
          ],
          [
           0.07888209819793701,
           0.12698236107826233,
           -0.13338249921798706,
           -0.22430159151554108,
           0.028475815430283546,
           -1.0004496574401855,
           0.2151530236005783,
           0.11258634924888611,
           -0.2845224440097809,
           0.08391134440898895,
           -0.4939858317375183,
           -0.20012304186820984,
           -0.07196728885173798,
           0.07443052530288696,
           0.030942797660827637,
           -0.07741986960172653,
           -0.04917142912745476,
           0.12188247591257095,
           -0.23276548087596893,
           0.16252736747264862,
           -0.131484255194664,
           0.04408301040530205,
           1.0036075115203857,
           -0.11024963855743408
          ],
          [
           -0.08847042918205261,
           -0.9992327690124512,
           0.15269814431667328,
           0.4784349799156189,
           0.10352823138237,
           0.04251274839043617,
           -0.38867712020874023,
           -0.1509758085012436,
           0.36684650182724,
           0.22115950286388397,
           0.15088368952274323,
           0.1415652334690094,
           -0.12773533165454865,
           0.013623038306832314,
           -0.022904101759195328,
           -0.026341203600168228,
           -0.04061289131641388,
           0.44444555044174194,
           0.06613493710756302,
           0.030004194006323814,
           -0.0012896009720861912,
           -0.11052125692367554,
           -0.11024963855743408,
           1.0048669576644897
          ]
         ]
        },
        {
         "coloraxis": "coloraxis",
         "hovertemplate": "x: %{x}<br>y: %{y}<br>color: %{z}<extra></extra>",
         "name": "0",
         "type": "heatmap",
         "xaxis": "x2",
         "yaxis": "y2",
         "z": [
          [
           1.004306435585022,
           -0.02656639739871025,
           -0.21217051148414612,
           0.5390294194221497,
           0.47291263937950134,
           -0.08823194354772568,
           -0.1822955310344696,
           -0.6166250705718994,
           -0.7544859051704407,
           -0.19406916201114655,
           0.14201192557811737,
           0.7720018029212952,
           -0.6168221831321716,
           -0.1580275446176529,
           0.05946873873472214,
           -0.06580570340156555,
           0.4505999684333801,
           -0.006060734391212463,
           0.10709866136312485,
           0.3496261239051819,
           -0.37254372239112854,
           0.3005750775337219,
           -0.18699319660663605,
           0.09302209317684174
          ],
          [
           -0.02656639739871025,
           1.0044358968734741,
           -0.330243319272995,
           -0.083640456199646,
           -0.6268694996833801,
           0.20671845972537994,
           -0.48030656576156616,
           0.19353346526622772,
           0.3872891068458557,
           0.26554080843925476,
           0.05445319414138794,
           0.17925843596458435,
           0.3204314112663269,
           0.1996162086725235,
           0.11831294745206833,
           0.10834166407585144,
           -0.0010491434950381517,
           0.32319387793540955,
           0.10246363282203674,
           0.385114848613739,
           -0.39315885305404663,
           0.12130169570446014,
           0.036065079271793365,
           -0.28928685188293457
          ],
          [
           -0.21217051148414612,
           -0.330243319272995,
           1.0037466287612915,
           -0.32102441787719727,
           0.03093019872903824,
           0.08595403283834457,
           -0.11868379265069962,
           -0.34756654500961304,
           -0.06290199607610703,
           -0.2854047417640686,
           -0.20861192047595978,
           -0.2820390462875366,
           0.1338319182395935,
           0.31876736879348755,
           -0.052878595888614655,
           -0.2715235650539398,
           -0.28608012199401855,
           -0.862990140914917,
           0.12768344581127167,
           0.359893262386322,
           -0.22037142515182495,
           0.1015203595161438,
           -0.3830905258655548,
           -0.2157168984413147
          ],
          [
           0.5390294194221497,
           -0.083640456199646,
           -0.32102441787719727,
           1.0042564868927002,
           0.5803480744361877,
           0.2941196858882904,
           -0.13853532075881958,
           0.18312323093414307,
           -0.522166907787323,
           -0.2791779935359955,
           0.28431183099746704,
           0.012896038591861725,
           -0.44230055809020996,
           -0.02747292071580887,
           0.42956697940826416,
           -0.36049404740333557,
           -0.11170700937509537,
           0.43755853176116943,
           0.3302197754383087,
           -0.014113176614046097,
           0.13233265280723572,
           0.09734894335269928,
           -0.255974680185318,
           -0.03151700273156166
          ],
          [
           0.47291263937950134,
           -0.6268694996833801,
           0.03093019872903824,
           0.5803480744361877,
           1.0000001192092896,
           -0.15681280195713043,
           -0.08704794198274612,
           -0.21263785660266876,
           -0.7520332336425781,
           -0.5482523441314697,
           0.49582386016845703,
           0.0700695738196373,
           -0.7679988145828247,
           -0.4219828248023987,
           0.31854119896888733,
           -0.15174488723278046,
           -0.14133140444755554,
           -0.06357528269290924,
           0.15739455819129944,
           -0.05154184252023697,
           0.01437678374350071,
           -0.20773734152317047,
           0.051069680601358414,
           -0.15852534770965576
          ],
          [
           -0.08823194354772568,
           0.20671845972537994,
           0.08595403283834457,
           0.2941196858882904,
           -0.15681280195713043,
           1.0044840574264526,
           0.055061522871255875,
           0.1601530760526657,
           0.4108923077583313,
           0.3030170500278473,
           -0.11443733423948288,
           -0.09799231588840485,
           0.5087882876396179,
           0.587094783782959,
           0.4893135130405426,
           -0.6908702254295349,
           -0.6007458567619324,
           0.23609910905361176,
           -0.06802370399236679,
           0.13237880170345306,
           -0.04415739327669144,
           0.366493821144104,
           -0.4855499565601349,
           0.08855343610048294
          ],
          [
           -0.1822955310344696,
           -0.48030656576156616,
           -0.11868379265069962,
           -0.13853532075881958,
           -0.08704794198274612,
           0.055061522871255875,
           1.003578782081604,
           0.20120783150196075,
           0.07848845422267914,
           0.6185423731803894,
           -0.7286186814308167,
           -0.1648305207490921,
           0.10180214792490005,
           -0.2397892028093338,
           -0.11115992814302444,
           0.019777394831180573,
           -0.024409551173448563,
           0.030400704592466354,
           -0.6195810437202454,
           -0.776823878288269,
           0.5018523931503296,
           0.14637623727321625,
           -0.11823981255292892,
           0.8860049843788147
          ],
          [
           -0.6166250705718994,
           0.19353346526622772,
           -0.34756654500961304,
           0.18312323093414307,
           -0.21263785660266876,
           0.1601530760526657,
           0.20120783150196075,
           1.0040735006332397,
           0.39741867780685425,
           0.3075988292694092,
           -0.0666976198554039,
           -0.7843647599220276,
           0.1816011667251587,
           -0.04190419241786003,
           0.12190158665180206,
           -0.09337901324033737,
           -0.4620102047920227,
           0.48344334959983826,
           -0.12264609336853027,
           -0.6294029355049133,
           0.4152076244354248,
           -0.4073244333267212,
           0.24821338057518005,
           -0.02775082178413868
          ],
          [
           -0.7544859051704407,
           0.3872891068458557,
           -0.06290199607610703,
           -0.522166907787323,
           -0.7520332336425781,
           0.4108923077583313,
           0.07848845422267914,
           0.39741867780685425,
           1.0047392845153809,
           0.43706879019737244,
           -0.10980881750583649,
           -0.29737281799316406,
           0.8856114149093628,
           0.5184170007705688,
           -0.12006896734237671,
           -0.0888473391532898,
           -0.24015359580516815,
           0.2711136043071747,
           -0.17703576385974884,
           -0.09271769970655441,
           0.1474064141511917,
           -0.050726816058158875,
           0.14314372837543488,
           -0.02900342084467411
          ],
          [
           -0.19406916201114655,
           0.26554080843925476,
           -0.2854047417640686,
           -0.2791779935359955,
           -0.5482523441314697,
           0.3030170500278473,
           0.6185423731803894,
           0.3075988292694092,
           0.43706879019737244,
           1.0050616264343262,
           -0.651089608669281,
           -0.024379802867770195,
           0.27894020080566406,
           0.09531255811452866,
           -0.22298742830753326,
           -0.22790472209453583,
           -0.14633138477802277,
           0.09638644009828568,
           -0.8496527671813965,
           -0.5343647599220276,
           -0.12444950640201569,
           -0.032571520656347275,
           0.14525797963142395,
           0.5101051330566406
          ],
          [
           0.14201192557811737,
           0.05445319414138794,
           -0.20861192047595978,
           0.28431183099746704,
           0.49582386016845703,
           -0.11443733423948288,
           -0.7286186814308167,
           -0.0666976198554039,
           -0.10980881750583649,
           -0.651089608669281,
           1.0041601657867432,
           0.12557025253772736,
           -0.2845210134983063,
           -0.031142015010118484,
           0.19167785346508026,
           -0.007876534014940262,
           -0.046739738434553146,
           0.28947630524635315,
           0.45728951692581177,
           0.3562772274017334,
           -0.1768915206193924,
           -0.4054429233074188,
           0.4230036735534668,
           -0.7536634206771851
          ],
          [
           0.7720018029212952,
           0.17925843596458435,
           -0.2820390462875366,
           0.012896038591861725,
           0.0700695738196373,
           -0.09799231588840485,
           -0.1648305207490921,
           -0.7843647599220276,
           -0.29737281799316406,
           -0.024379802867770195,
           0.12557025253772736,
           1.0033271312713623,
           -0.19036753475666046,
           -0.07646538317203522,
           -0.05102817714214325,
           0.20509164035320282,
           0.6005417108535767,
           0.06043390557169914,
           0.011283294297754765,
           0.47983628511428833,
           -0.38270479440689087,
           0.42311325669288635,
           -0.07835666835308075,
           0.1633574217557907
          ],
          [
           -0.6168221831321716,
           0.3204314112663269,
           0.1338319182395935,
           -0.44230055809020996,
           -0.7679988145828247,
           0.5087882876396179,
           0.10180214792490005,
           0.1816011667251587,
           0.8856114149093628,
           0.27894020080566406,
           -0.2845210134983063,
           -0.19036753475666046,
           1.0000001192092896,
           0.5995794534683228,
           0.014904951676726341,
           -0.030544428154826164,
           -0.12983950972557068,
           0.18610680103302002,
           0.08293335884809494,
           0.13538362085819244,
           0.2842724621295929,
           0.3753584325313568,
           -0.3035608232021332,
           0.15623721480369568
          ],
          [
           -0.1580275446176529,
           0.1996162086725235,
           0.31876736879348755,
           -0.02747292071580887,
           -0.4219828248023987,
           0.587094783782959,
           -0.2397892028093338,
           -0.04190419241786003,
           0.5184170007705688,
           0.09531255811452866,
           -0.031142015010118484,
           -0.07646538317203522,
           0.5995794534683228,
           1.0041793584823608,
           -0.28453585505485535,
           -0.6498419046401978,
           -0.06250787526369095,
           -0.0845390185713768,
           0.09266973286867142,
           0.3449127674102783,
           -0.21262481808662415,
           0.08862723410129547,
           -0.17882131040096283,
           -0.24980482459068298
          ],
          [
           0.05946873873472214,
           0.11831294745206833,
           -0.052878595888614655,
           0.42956697940826416,
           0.31854119896888733,
           0.4893135130405426,
           -0.11115992814302444,
           0.12190158665180206,
           -0.12006896734237671,
           -0.22298742830753326,
           0.19167785346508026,
           -0.05102817714214325,
           0.014904951676726341,
           -0.28453585505485535,
           1.0035285949707031,
           0.01092646922916174,
           -0.5855791568756104,
           0.3346629738807678,
           0.3361232578754425,
           0.196526899933815,
           0.1913686841726303,
           0.43301746249198914,
           -0.5246444940567017,
           0.037590887397527695
          ],
          [
           -0.06580570340156555,
           0.10834166407585144,
           -0.2715235650539398,
           -0.36049404740333557,
           -0.15174488723278046,
           -0.6908702254295349,
           0.019777394831180573,
           -0.09337901324033737,
