{
 "cells": [
  {
   "cell_type": "code",
   "execution_count": 1,
   "metadata": {},
   "outputs": [
    {
     "name": "stderr",
     "output_type": "stream",
     "text": [
      "/Users/charlesoneill/miniconda3/envs/sparse-inference/lib/python3.12/site-packages/tqdm/auto.py:21: TqdmWarning: IProgress not found. Please update jupyter and ipywidgets. See https://ipywidgets.readthedocs.io/en/stable/user_install.html\n",
      "  from .autonotebook import tqdm as notebook_tqdm\n"
     ]
    }
   ],
   "source": [
    "import torch\n",
    "import numpy as np\n",
    "from torch import nn\n",
    "from torch.nn import functional as F\n",
    "from tqdm.auto import tqdm\n",
    "\n",
    "from models import SparseAutoEncoder, MLP, SparseCoding\n",
    "from utils import generate_data, reconstruction_loss_with_l1\n",
    "from metrics import mcc, greedy_mcc\n",
    "\n",
    "# Autoreload\n",
    "%load_ext autoreload\n",
    "%autoreload 2\n",
    "\n",
    "device = 'cuda' if torch.cuda.is_available() else 'cpu'\n",
    "\n",
    "def calculate_dict_mcc(D_true, D_learned):\n",
    "    return greedy_mcc(D_true.T.cpu().numpy(), D_learned.T.cpu().numpy())\n",
    "\n",
    "def train_model(model, X_train, S_train, D_true, num_steps=30000):\n",
    "    optimizer = torch.optim.Adam(model.parameters(), lr=1e-3)\n",
    "    for _ in range(num_steps):\n",
    "        S_, X_ = model(X_train)\n",
    "        loss = reconstruction_loss_with_l1(X_train, X_, S_)\n",
    "        optimizer.zero_grad()\n",
    "        loss.backward()\n",
    "        optimizer.step()\n",
    "    \n",
    "    # Calculate final metrics\n",
    "    with torch.no_grad():\n",
    "        S_, _ = model(X_train)\n",
    "        latent_mcc = greedy_mcc(S_train.cpu().numpy(), S_.cpu().numpy())\n",
    "        if isinstance(model, (SparseAutoEncoder, MLP)):\n",
    "            D_learned = model.decoder.weight.data.T\n",
    "        elif isinstance(model, SparseCoding):\n",
    "            D_learned = model.D.data\n",
    "        dict_mcc = calculate_dict_mcc(D_true, D_learned)\n",
    "    \n",
    "    return latent_mcc, dict_mcc\n",
    "\n",
    "def get_decoder_weights(models):\n",
    "    decoder_weights = {}\n",
    "    for name, model in models.items():\n",
    "        if isinstance(model, (SparseAutoEncoder, MLP)):\n",
    "            decoder_weights[name] = model.decoder.weight.data.T\n",
    "        elif isinstance(model, SparseCoding):\n",
    "            decoder_weights[name] = model.D.data\n",
    "    return decoder_weights\n",
    "\n",
    "def train_and_get_weights(true_N, model_N, M, K, num_data, seed=20240926):\n",
    "    # Generate data\n",
    "    S, X, D = generate_data(true_N, M, K, num_data, seed=seed)\n",
    "    X_train = X.to(device)\n",
    "    S_train = S.to(device)\n",
    "    D_true = D.to(device)\n",
    "\n",
    "    # Create a D_random with shape model_N x M\n",
    "    D_random = torch.randn(model_N, M).to(device)\n",
    "    D_random = D_random / torch.linalg.norm(D_random, dim=1, keepdim=True)\n",
    "\n",
    "    # Initialize models\n",
    "    models = {\n",
    "        'SparseCoding': SparseCoding(X_train, D_random, learn_D=True).to(device),\n",
    "        'SAE': SparseAutoEncoder(M, model_N, D_true, learn_D=True).to(device),\n",
    "        'MLP': MLP(M, model_N, 256, D_true, learn_D=True).to(device),\n",
    "    }\n",
    "\n",
    "    # Train models and get metrics\n",
    "    metrics = {}\n",
    "    for name, model in tqdm(models.items(), desc=\"Training models\"):\n",
    "        latent_mcc, dict_mcc = train_model(model, X_train, S_train, D_true)\n",
    "        metrics[name] = {'latent_mcc': latent_mcc, 'dict_mcc': dict_mcc}\n",
    "\n",
    "    # Get decoder weights\n",
    "    decoder_weights = get_decoder_weights(models)\n",
    "\n",
    "    return decoder_weights, metrics"
   ]
  },
  {
   "cell_type": "code",
   "execution_count": 2,
   "metadata": {},
   "outputs": [
    {
     "name": "stderr",
     "output_type": "stream",
     "text": [
      "Training models: 100%|██████████| 3/3 [00:38<00:00, 12.84s/it]"
     ]
    },
    {
     "name": "stdout",
     "output_type": "stream",
     "text": [
      "SparseCoding:\n",
      "  Decoder shape: torch.Size([20, 8])\n",
      "  Final Latent MCC: 0.7048\n",
      "  Final Dictionary MCC: 0.8596\n",
      "\n",
      "SAE:\n",
      "  Decoder shape: torch.Size([20, 8])\n",
      "  Final Latent MCC: 0.4932\n",
      "  Final Dictionary MCC: 0.6594\n",
      "\n",
      "MLP:\n",
      "  Decoder shape: torch.Size([20, 8])\n",
      "  Final Latent MCC: 0.7137\n",
      "  Final Dictionary MCC: 0.8909\n",
      "\n"
     ]
    },
    {
     "name": "stderr",
     "output_type": "stream",
     "text": [
      "\n"
     ]
    }
   ],
   "source": [
    "# Parameters\n",
    "true_N, model_N, M, K = 16, 20, 8, 3\n",
    "num_data = 1024\n",
    "\n",
    "# Train models and get decoder weights and metrics\n",
    "decoder_weights, metrics = train_and_get_weights(true_N, model_N, M, K, num_data)\n",
    "\n",
    "# Print shapes of decoder weights and final metrics\n",
    "for name, weights in decoder_weights.items():\n",
    "    print(f\"{name}:\")\n",
    "    print(f\"  Decoder shape: {weights.shape}\")\n",
    "    print(f\"  Final Latent MCC: {metrics[name]['latent_mcc']:.4f}\")\n",
    "    print(f\"  Final Dictionary MCC: {metrics[name]['dict_mcc']:.4f}\")\n",
    "    print()"
   ]
  },
  {
   "cell_type": "code",
   "execution_count": 3,
   "metadata": {},
   "outputs": [
    {
     "data": {
      "text/plain": [
       "{'SparseCoding': tensor([[ 0.2234,  0.3667,  0.0450, -0.2941, -0.0321,  0.2738,  0.0556,  0.2871],\n",
       "         [-0.0970, -0.1849, -0.2685,  0.3301,  0.0774,  0.2291,  0.3098,  0.1509],\n",
       "         [-0.2222,  0.0399,  0.2431,  0.2028,  0.1300,  0.0015,  0.2777, -0.0974],\n",
       "         [-0.2492,  0.1082, -0.0298,  0.2071, -0.3385,  0.1348, -0.1177, -0.0788],\n",
       "         [ 0.2489,  0.1149, -0.2748,  0.2558, -0.0460,  0.0373, -0.1843,  0.3545],\n",
       "         [ 0.2334, -0.3533,  0.3062, -0.2582,  0.3227,  0.2631,  0.0466,  0.2855],\n",
       "         [ 0.2668, -0.3905,  0.0076, -0.0749, -0.2025,  0.2684, -0.2837, -0.2519],\n",
       "         [ 0.2138,  0.3291,  0.2982, -0.2760,  0.1080,  0.2879,  0.1506, -0.2685],\n",
       "         [-0.0097, -0.0104, -0.0841, -0.0602, -0.1967,  0.1617, -0.1179, -0.2713],\n",
       "         [-0.2296, -0.3943,  0.1645, -0.2702, -0.2002, -0.1667,  0.2784, -0.2860],\n",
       "         [-0.2259,  0.0447,  0.0752,  0.0097, -0.0418, -0.2788,  0.0229,  0.3117],\n",
       "         [-0.1768, -0.0964, -0.1651, -0.2593, -0.3454, -0.2957, -0.1993,  0.2371],\n",
       "         [-0.2126,  0.2712,  0.2504,  0.1996, -0.2066,  0.2763,  0.2895,  0.2314],\n",
       "         [-0.0211, -0.0247, -0.2711, -0.0994, -0.1739,  0.2802,  0.2962, -0.0561],\n",
       "         [ 0.2183,  0.0682, -0.3083,  0.2717, -0.3385,  0.2398, -0.1077,  0.1641],\n",
       "         [ 0.2734,  0.1072, -0.2758, -0.2702,  0.2470,  0.1257, -0.3119,  0.0123],\n",
       "         [ 0.2255, -0.1763,  0.1079, -0.1544, -0.2456, -0.2894,  0.2890,  0.0242],\n",
       "         [ 0.2966, -0.2580,  0.2636,  0.2787, -0.2315,  0.1493,  0.2848,  0.2691],\n",
       "         [ 0.3004, -0.1380, -0.2939, -0.2541,  0.3354, -0.2585,  0.3047,  0.2641],\n",
       "         [-0.2525,  0.2131, -0.2564, -0.0033,  0.1671, -0.0931,  0.0321,  0.0342]]),\n",
       " 'SAE': tensor([[-2.2010e-01, -1.9608e-01,  1.0481e-01,  1.3530e-01, -2.8318e-01,\n",
       "          -4.0843e-01,  3.1617e-01,  3.2577e-01],\n",
       "         [ 4.0319e-01,  2.3864e-01, -2.2758e-01,  4.3983e-01,  1.6372e-01,\n",
       "           2.6850e-01,  2.8328e-01,  1.9480e-01],\n",
       "         [-2.9088e-01,  2.3865e-01,  2.0280e-01,  1.0686e-01,  3.2814e-01,\n",
       "          -2.2825e-02,  3.3094e-01, -2.3364e-01],\n",
       "         [ 2.2238e-01, -1.2438e-01, -2.6541e-01, -3.1608e-01, -2.3652e-01,\n",
       "          -1.0311e-01,  3.0996e-01, -3.9698e-01],\n",
       "         [-2.0446e-37, -8.3041e-24,  2.4046e-39, -4.1090e-35,  3.3754e-36,\n",
       "           4.1455e-37,  1.9472e-38,  8.8733e-39],\n",
       "         [ 5.6084e-37,  3.2718e-22, -1.2317e-36,  3.0090e-34, -1.8873e-36,\n",
       "          -2.3443e-35,  2.5930e-36, -7.4490e-36],\n",
       "         [-1.7094e-01,  1.8539e-01, -4.5452e-01, -3.1360e-01,  2.9802e-01,\n",
       "          -3.5512e-01, -1.9376e-01,  1.7467e-01],\n",
       "         [ 2.8452e-01, -2.3000e-01,  2.8216e-01, -2.6942e-01,  3.0820e-01,\n",
       "          -2.2585e-01,  1.2143e-01,  2.4987e-01],\n",
       "         [-7.8439e-35,  1.7472e-22,  2.3412e-36, -1.4004e-32,  7.7585e-36,\n",
       "           3.9943e-35, -1.2849e-35,  4.7323e-37],\n",
       "         [-2.9972e-01,  2.4082e-01, -2.9636e-01,  2.8360e-01, -3.2636e-01,\n",
       "           2.4319e-01, -1.2478e-01, -2.6396e-01],\n",
       "         [-1.7963e-01,  1.0101e-01,  2.1640e-01,  2.5477e-01,  1.8677e-01,\n",
       "           8.2627e-02, -2.4371e-01,  3.1887e-01],\n",
       "         [ 1.4739e-01, -1.6423e-01,  3.9820e-01,  2.7737e-01, -2.6262e-01,\n",
       "           3.1573e-01,  1.7221e-01, -1.5112e-01],\n",
       "         [-2.1787e-34,  3.0075e-21, -2.5298e-36,  7.6463e-34, -4.4299e-35,\n",
       "           8.5947e-35, -7.2427e-36,  2.5021e-36],\n",
       "         [-2.6767e-01, -5.0118e-01, -2.0513e-01, -1.0550e-01, -2.6638e-02,\n",
       "           3.0693e-01,  2.7857e-01,  3.1113e-01],\n",
       "         [-3.6830e-01, -2.1779e-01,  2.0426e-01, -4.0064e-01, -1.5405e-01,\n",
       "          -2.4352e-01, -2.5576e-01, -1.7925e-01],\n",
       "         [ 1.9737e-01,  4.9204e-01,  3.1645e-01, -2.8257e-01, -3.0318e-01,\n",
       "           2.9916e-01,  2.7804e-01,  2.2938e-01],\n",
       "         [ 2.2085e-01,  1.9246e-01, -1.0318e-01, -1.3646e-01,  2.7851e-01,\n",
       "           4.0427e-01, -3.1347e-01, -3.2452e-01],\n",
       "         [-5.9564e-35, -1.0359e-21, -8.5951e-36,  3.9949e-33, -7.3758e-36,\n",
       "          -2.8061e-34, -2.5256e-37, -6.5852e-36],\n",
       "         [ 3.2545e-01, -2.6831e-01, -2.2724e-01, -1.1664e-01, -3.7590e-01,\n",
       "           2.7043e-02, -3.7242e-01,  2.6410e-01],\n",
       "         [ 5.0594e-33,  1.9626e-20, -5.7780e-34,  2.0557e-31,  3.6532e-33,\n",
       "           3.7468e-33,  1.4560e-33,  6.0672e-34]]),\n",
       " 'MLP': tensor([[ 1.7071e-01, -6.3962e-02,  4.1798e-01, -1.7336e-03, -1.6999e-01,\n",
       "           2.7022e-01,  2.5632e-01,  2.3875e-01],\n",
       "         [-2.9573e-01, -1.3251e-01, -9.2219e-02, -2.7259e-01, -3.8171e-01,\n",
       "          -3.5293e-01, -1.0178e-01,  2.7112e-01],\n",
       "         [ 2.7924e-01, -4.0633e-02, -1.9150e-01,  3.7892e-01, -3.6588e-01,\n",
       "           8.2849e-02, -1.2448e-01,  3.3123e-01],\n",
       "         [ 2.8481e-01,  4.3244e-01, -1.2577e-01, -4.4288e-01,  1.2038e-02,\n",
       "           1.9999e-01, -9.3250e-02,  2.3597e-01],\n",
       "         [ 3.4830e-30, -6.3004e-15,  7.6880e-22,  3.7481e-25, -1.8584e-20,\n",
       "           2.6230e-22, -4.3598e-26,  7.7495e-26],\n",
       "         [ 2.8447e-02, -1.6456e-01, -4.0720e-01,  4.3279e-02,  2.1698e-02,\n",
       "           2.6401e-01,  3.3450e-01,  1.1587e-01],\n",
       "         [-4.2593e-15, -2.2330e-10,  6.3319e-13, -9.0259e-14,  2.2299e-11,\n",
       "           8.3988e-13,  1.8600e-14,  1.2869e-14],\n",
       "         [ 2.8534e-01, -2.7156e-01,  5.9878e-02, -3.1735e-01, -1.2985e-01,\n",
       "          -3.3999e-01,  3.2258e-01, -7.4757e-02],\n",
       "         [ 2.6953e-02, -8.7327e-02, -2.0967e-01, -1.0236e-01, -4.4996e-01,\n",
       "           2.3763e-01, -3.0521e-01, -3.4121e-01],\n",
       "         [-9.2210e-03,  2.1456e-01,  4.0298e-01, -8.2654e-02,  8.9980e-03,\n",
       "          -3.0827e-01, -3.4092e-01, -3.1678e-01],\n",
       "         [-3.7376e-02,  1.7948e-02,  1.9884e-01,  8.0771e-02,  2.8908e-01,\n",
       "          -2.2458e-01,  3.1199e-01,  3.7660e-01],\n",
       "         [-3.4338e-01, -3.0503e-01,  2.4012e-01,  3.2812e-01, -1.1381e-01,\n",
       "          -2.2923e-01,  2.4058e-01, -1.6548e-01],\n",
       "         [ 1.6477e-30, -6.5812e-15,  3.9125e-22, -8.8594e-25,  4.1076e-20,\n",
       "           8.2078e-23, -5.2262e-27, -3.7613e-26],\n",
       "         [ 3.2430e-01,  1.2749e-01,  7.6164e-02,  1.0366e-01,  2.9270e-01,\n",
       "           3.2568e-01,  8.1780e-02, -3.4157e-01],\n",
       "         [-2.8331e-01,  2.6931e-01, -4.5475e-01, -5.9033e-02,  2.9234e-01,\n",
       "          -2.0147e-01, -1.9934e-01, -1.4628e-02],\n",
       "         [-3.2675e-01,  3.9845e-01,  1.7284e-01,  3.4417e-01, -2.1122e-02,\n",
       "           3.2927e-01,  7.3878e-02, -2.1335e-02],\n",
       "         [ 3.4513e-01, -3.5218e-01, -5.4822e-02, -1.5901e-01,  2.0777e-01,\n",
       "           1.0235e-01, -3.1098e-01,  2.0288e-01],\n",
       "         [-2.2161e-01, -7.7512e-02,  2.1325e-01, -4.3895e-01,  4.5566e-02,\n",
       "           1.2446e-01,  2.1300e-01, -3.3884e-01],\n",
       "         [-2.4807e-01,  4.0529e-01,  1.9960e-02, -3.5399e-02, -3.9771e-01,\n",
       "           1.8637e-01,  3.5390e-01, -1.6056e-01],\n",
       "         [ 4.9537e-22,  4.9842e-14,  3.6883e-18, -5.1566e-20,  4.3627e-16,\n",
       "           6.4047e-18,  7.3776e-19, -2.5697e-21]])}"
      ]
     },
     "execution_count": 3,
     "metadata": {},
     "output_type": "execute_result"
    }
   ],
   "source": [
    "decoder_weights"
   ]
  },
  {
   "cell_type": "code",
   "execution_count": 7,
   "metadata": {},
   "outputs": [],
   "source": [
    "d = decoder_weights['SAE']\n",
    "\n",
    "DT_D = d @ d.T\n",
    "DT_D.shape\n",
    "\n",
    "# Sort DT_D by the value on the diagonal\n",
    "DT_D_sorted = DT_D#[np.argsort(DT_D.diagonal())]"
   ]
  },
  {
   "cell_type": "code",
   "execution_count": 8,
   "metadata": {},
   "outputs": [
    {
     "data": {
      "application/vnd.plotly.v1+json": {
       "config": {
        "plotlyServerURL": "https://plot.ly"
       },
       "data": [
        {
         "coloraxis": "coloraxis",
         "hovertemplate": "x: %{x}<br>y: %{y}<br>color: %{z}<extra></extra>",
         "name": "0",
         "type": "heatmap",
         "xaxis": "x",
         "yaxis": "y",
         "z": [
          [
           0.5692760944366455,
           -0.10288166254758835,
           -0.002133611822500825,
           -0.01737298257648945,
           1.6282496333204004e-24,
           -6.415353882635978e-23,
           -0.032504308968782425,
           0.10035495460033417,
           -3.425814336551514e-23,
           -0.10629230737686157,
           0.017069201916456223,
           0.029658986255526543,
           -5.89702884900155e-22,
           0.19303138554096222,
           0.09479153901338577,
           -0.01868217997252941,
           -0.5644317269325256,
           2.0311848071830076e-22,
           0.005070385057479143,
           -3.848269180105079e-21
          ],
          [
           -0.10288166254758835,
           0.6818534135818481,
           0.03634723275899887,
           -0.07457833737134933,
           -1.9817020159559088e-24,
           7.807967272857357e-23,
           -0.12659241259098053,
           -0.04999404773116112,
           4.1694731963589996e-23,
           0.05390845239162445,
           0.06033294275403023,
           0.11273117363452911,
           7.177126692766894e-22,
           -0.0096700768917799,
           -0.6211446523666382,
           0.15483370423316956,
           0.10056273639202118,
           -2.4721042844422533e-22,
           -0.04073351249098778,
           4.68363233759449e-21
          ],
          [
           -0.002133611822500825,
           0.03634723275899887,
           0.46641290187835693,
           -0.061899472028017044,
           -1.981733767607344e-24,
           7.808092228424744e-23,
           -0.030760344117879868,
           -0.021123111248016357,
           4.1695400917637623e-23,
           0.022591302171349525,
           0.05170796066522598,
           0.02724801003932953,
           7.177241803350184e-22,
           -0.09086517244577408,
           -0.03398594260215759,
           0.026108797639608383,
           0.0004266997566446662,
           -2.4721441692496213e-22,
           -0.526161253452301,
           4.683707462396216e-21
          ],
          [
           -0.01737298257648945,
           -0.07457833737134933,
           -0.061899472028017044,
           0.5555139183998108,
           1.0328850668822034e-24,
           -4.06959898813695e-23,
           -0.004587323404848576,
           -0.009016534313559532,
           -2.1731757942638274e-23,
           0.010638033039867878,
           -0.44529348611831665,
           0.0027758304495364428,
           -3.7407981025262323e-22,
           0.02808789536356926,
           0.07103654742240906,
           0.023997236043214798,
           0.019799696281552315,
           1.2884881683532743e-22,
           0.0687694326043129,
           -2.4411610450410036e-21
          ],
          [
           1.6282496333204004e-24,
           -1.9817020159559088e-24,
           -1.981733767607344e-24,
           1.0328850668822034e-24,
           0,
           -2.802596928649634e-45,
           -1.5395339414887928e-24,
           1.909908771047876e-24,
           -1.401298464324817e-45,
           -1.999796710184642e-24,
           -8.38777163682616e-25,
           1.3638040321905262e-24,
           -2.5223372357846707e-44,
           4.161812015905765e-24,
           1.808553752577591e-24,
           -4.085914130492641e-24,
           -1.5981997520730427e-24,
           8.407790785948902e-45,
           2.2280772789374984e-24,
           -1.6255062186167878e-43
          ],
          [
           -6.415353882635978e-23,
           7.807967272857357e-23,
           7.808092228424744e-23,
           -4.06959898813695e-23,
           -2.802596928649634e-45,
           1.064986832886861e-43,
           6.065811508798721e-23,
           -7.525099422729379e-23,
           5.74532370373175e-44,
           7.879260734938887e-23,
           3.304807806856042e-23,
           -5.373430185552411e-23,
           9.837115219560216e-43,
           -1.6397667934884873e-22,
           -7.125757837667329e-23,
           1.609862780511114e-22,
           6.296955958181891e-23,
           -3.3911422836660573e-43,
           -8.778693433345469e-23,
           6.420749563536312e-42
          ],
          [
           -0.032504308968782425,
           -0.12659241259098053,
           -0.030760344117879868,
           -0.004587323404848576,
           -1.5395339414887928e-24,
           6.065811508798721e-23,
           0.6515067219734192,
           0.05713782459497452,
           3.239157855690463e-23,
           -0.06390915811061859,
           0.0004191313055343926,
           -0.5737705826759338,
           5.575727443135715e-22,
           -0.03741160035133362,
           0.11419597268104553,
           -0.20813943445682526,
           0.03111099638044834,
           -1.920515069027445e-22,
           0.031150735914707184,
           3.638595050694226e-21
          ],
          [
           0.10035495460033417,
           -0.04999404773116112,
           -0.021123111248016357,
           -0.009016534313559532,
           1.909908771047876e-24,
           -7.525099422729379e-23,
           0.05713782459497452,
           0.5092258453369141,
           -4.018421163594194e-23,
           -0.5373106598854065,
           0.007064401637762785,
           -0.05175544694066048,
           -6.917113089696255e-22,
           0.04369153827428818,
           0.042552411556243896,
           0.03847907483577728,
           -0.0983930453658104,
           2.3825447165458946e-22,
           0.020427631214261055,
           -4.5139532793734986e-21
          ],
          [
           -3.425814336551514e-23,
           4.1694731963589996e-23,
           4.1695400917637623e-23,
           -2.1731757942638274e-23,
           -1.401298464324817e-45,
           5.74532370373175e-44,
           3.239157855690463e-23,
           -4.018421163594194e-23,
           3.0828566215145976e-44,
           4.20754425473369e-23,
           1.7647754038827626e-23,
           -2.8694244292118924e-23,
           5.254869241218064e-43,
           -8.756393913276682e-23,
           -3.805171866073781e-23,
           8.596706377954603e-23,
           3.3625896593529464e-23,
           -1.807675018979014e-43,
           -4.687843479054951e-23,
           3.4289773422028274e-42
          ],
          [
           -0.10629230737686157,
           0.05390845239162445,
           0.022591302171349525,
           0.010638033039867878,
           -1.999796710184642e-24,
           7.879260734938887e-23,
           -0.06390915811061859,
           -0.5373106598854065,
           4.20754425473369e-23,
           0.5669868588447571,
           -0.008335447870194912,
           0.05781374126672745,
           7.242660460498352e-22,
           -0.04314199462532997,
           -0.04593811184167862,
           -0.03812464326620102,
           0.10422605276107788,
           -2.49467681349312e-22,
           -0.02188394032418728,
           4.726398140718978e-21
          ],
          [
           0.017069201916456223,
           0.06033294275403023,
           0.05170796066522598,
           -0.44529348611831665,
           -8.38777163682616e-25,
           3.304807806856042e-23,
           0.0004191313055343926,
           0.007064401637762785,
           1.7647754038827626e-23,
           -0.008335447870194912,
           0.35699185729026794,
           0.0006509674130938947,
           3.037797827971434e-22,
           -0.022104186937212944,
           -0.05743148922920227,
           -0.015790797770023346,
           -0.018988898023962975,
           -1.0463452940117673e-22,
           -0.0574457049369812,
           1.98239872055246e-21
          ],
          [
           0.029658986255526543,
           0.11273117363452911,
           0.02724801003932953,
           0.0027758304495364428,
           1.3638040321905262e-24,
           -5.373430185552411e-23,
           -0.5737705826759338,
           -0.05175544694066048,
           -2.8694244292118924e-23,
           0.05781374126672745,
           0.0006509674130938947,
           0.5053449869155884,
           -4.939286581706907e-22,
           0.03677196428179741,
           -0.10169047117233276,
           0.1832139492034912,
           -0.02843957021832466,
           1.701298070313471e-22,
           -0.027595385909080505,
           -3.2232679882487773e-21
          ],
          [
           -5.89702884900155e-22,
           7.177126692766894e-22,
           7.177241803350184e-22,
           -3.7407981025262323e-22,
           -2.5223372357846707e-44,
           9.837115219560216e-43,
           5.575727443135715e-22,
           -6.917113089696255e-22,
           5.254869241218064e-43,
           7.242660460498352e-22,
           3.037797827971434e-22,
           -4.939286581706907e-22,
           9.045381587216694e-42,
           -1.5072827162752842e-21,
           -6.550036546746469e-22,
           1.4797948138566473e-21,
           5.78819734608177e-22,
           -3.1150864861940683e-42,
           -8.069423544751464e-22,
           5.902549391428994e-41
          ],
          [
           0.19303138554096222,
           -0.0096700768917799,
           -0.09086517244577408,
           0.02808789536356926,
           4.161812015905765e-24,
           -1.6397667934884873e-22,
           -0.03741160035133362,
           0.04369153827428818,
           -8.756393913276682e-23,
           -0.04314199462532997,
           -0.022104186937212944,
           0.03677196428179741,
           -1.5072827162752842e-21,
           0.6453467011451721,
           0.010442961938679218,
           -0.08581060916185379,
           -0.1916377693414688,
           5.191715508054899e-22,
           0.1030149981379509,
           -9.836189648594883e-21
          ],
          [
           0.09479153901338577,
           -0.6211446523666382,
           -0.03398594260215759,
           0.07103654742240906,
           1.808553752577591e-24,
           -7.125757837667329e-23,
           0.11419597268104553,
           0.042552411556243896,
           -3.805171866073781e-23,
           -0.04593811184167862,
           -0.05743148922920227,
           -0.10169047117233276,
           -6.550036546746469e-22,
           0.010442961938679218,
           0.5658853054046631,
           -0.14038234949111938,
           -0.0926610678434372,
           2.256108110140988e-22,
           0.038122136145830154,
           -4.27440694385697e-21
          ],
          [
           -0.01868217997252941,
           0.15483370423316956,
           0.026108797639608383,
           0.023997236043214798,
           -4.085914130492641e-24,
           1.609862780511114e-22,
           -0.20813943445682526,
           0.03847907483577728,
           8.596706377954603e-23,
           -0.03812464326620102,
           -0.015790797770023346,
           0.1832139492034912,
           1.4797948138566473e-21,
           -0.08581060916185379,
           -0.14038234949111938,
           0.7723777890205383,
           0.019105225801467896,
           -5.097036043557039e-22,
           -0.027650117874145508,
           9.656810201325217e-21
          ],
          [
           -0.5644317269325256,
           0.10056273639202118,
           0.0004266997566446662,
           0.019799696281552315,
           -1.5981997520730427e-24,
           6.296955958181891e-23,
           0.03111099638044834,
           -0.0983930453658104,
           3.3625896593529464e-23,
           0.10422605276107788,
           -0.018988898023962975,
           -0.02843957021832466,
           5.78819734608177e-22,
           -0.1916377693414688,
           -0.0926610678434372,
           0.019105225801467896,
           0.559653103351593,
           -1.9936985156201396e-22,
           -0.003127593779936433,
           3.777247969699159e-21
          ],
          [
           2.0311848071830076e-22,
           -2.4721042844422533e-22,
           -2.4721441692496213e-22,
           1.2884881683532743e-22,
           8.407790785948902e-45,
           -3.3911422836660573e-43,
           -1.920515069027445e-22,
           2.3825447165458946e-22,
           -1.807675018979014e-43,
           -2.49467681349312e-22,
           -1.0463452940117673e-22,
           1.701298070313471e-22,
           -3.1150864861940683e-42,
           5.191715508054899e-22,
           2.256108110140988e-22,
           -5.097036043557039e-22,
           -1.9936985156201396e-22,
           1.0733946236728099e-42,
           2.7794490369551736e-22,
           -2.033143941888877e-41
          ],
          [
           0.005070385057479143,
           -0.04073351249098778,
           -0.526161253452301,
           0.0687694326043129,
           2.2280772789374984e-24,
           -8.778693433345469e-23,
           0.031150735914707184,
           0.020427631214261055,
           -4.687843479054951e-23,
           -0.02188394032418728,
           -0.0574457049369812,
           -0.027595385909080505,
           -8.069423544751464e-22,
           0.1030149981379509,
           0.038122136145830154,
           -0.027650117874145508,
           -0.003127593779936433,
           2.7794490369551736e-22,
           0.5936247110366821,
           -5.26592548356634e-21
          ],
          [
           -3.848269180105079e-21,
           4.68363233759449e-21,
           4.683707462396216e-21,
           -2.4411610450410036e-21,
           -1.6255062186167878e-43,
           6.420749563536312e-42,
           3.638595050694226e-21,
           -4.5139532793734986e-21,
           3.4289773422028274e-42,
           4.726398140718978e-21,
           1.98239872055246e-21,
           -3.2232679882487773e-21,
           5.902549391428994e-41,
           -9.836189648594883e-21,
           -4.27440694385697e-21,
           9.656810201325217e-21,
           3.777247969699159e-21,
           -2.033143941888877e-41,
           -5.26592548356634e-21,
           3.851875205751414e-40
          ]
         ]
        }
       ],
       "layout": {
        "coloraxis": {
         "colorscale": [
          [
           0,
           "rgb(247,251,255)"
          ],
          [
           0.125,
           "rgb(222,235,247)"
          ],
          [
           0.25,
           "rgb(198,219,239)"
          ],
          [
           0.375,
           "rgb(158,202,225)"
          ],
          [
           0.5,
           "rgb(107,174,214)"
          ],
          [
           0.625,
           "rgb(66,146,198)"
          ],
          [
           0.75,
           "rgb(33,113,181)"
          ],
          [
           0.875,
           "rgb(8,81,156)"
          ],
          [
           1,
           "rgb(8,48,107)"
          ]
         ]
        },
        "margin": {
         "t": 60
        },
        "template": {
         "data": {
          "bar": [
           {
            "error_x": {
             "color": "#2a3f5f"
            },
            "error_y": {
             "color": "#2a3f5f"
            },
            "marker": {
             "line": {
              "color": "#E5ECF6",
              "width": 0.5
             },
             "pattern": {
              "fillmode": "overlay",
              "size": 10,
              "solidity": 0.2
             }
            },
            "type": "bar"
           }
          ],
          "barpolar": [
           {
            "marker": {
             "line": {
              "color": "#E5ECF6",
              "width": 0.5
             },
             "pattern": {
              "fillmode": "overlay",
              "size": 10,
              "solidity": 0.2
             }
            },
            "type": "barpolar"
           }
          ],
          "carpet": [
           {
            "aaxis": {
             "endlinecolor": "#2a3f5f",
             "gridcolor": "white",
             "linecolor": "white",
             "minorgridcolor": "white",
             "startlinecolor": "#2a3f5f"
            },
            "baxis": {
             "endlinecolor": "#2a3f5f",
             "gridcolor": "white",
             "linecolor": "white",
             "minorgridcolor": "white",
             "startlinecolor": "#2a3f5f"
            },
            "type": "carpet"
           }
          ],
          "choropleth": [
           {
            "colorbar": {
             "outlinewidth": 0,
             "ticks": ""
            },
            "type": "choropleth"
           }
          ],
          "contour": [
           {
            "colorbar": {
             "outlinewidth": 0,
             "ticks": ""
            },
            "colorscale": [
             [
              0,
              "#0d0887"
             ],
             [
              0.1111111111111111,
              "#46039f"
             ],
             [
              0.2222222222222222,
              "#7201a8"
             ],
             [
              0.3333333333333333,
              "#9c179e"
             ],
             [
              0.4444444444444444,
              "#bd3786"
             ],
             [
              0.5555555555555556,
              "#d8576b"
             ],
             [
              0.6666666666666666,
              "#ed7953"
             ],
             [
              0.7777777777777778,
              "#fb9f3a"
             ],
             [
              0.8888888888888888,
              "#fdca26"
             ],
             [
              1,
              "#f0f921"
             ]
            ],
            "type": "contour"
           }
          ],
          "contourcarpet": [
           {
            "colorbar": {
             "outlinewidth": 0,
             "ticks": ""
            },
            "type": "contourcarpet"
           }
          ],
          "heatmap": [
           {
            "colorbar": {
             "outlinewidth": 0,
             "ticks": ""
            },
            "colorscale": [
             [
              0,
              "#0d0887"
             ],
             [
              0.1111111111111111,
              "#46039f"
             ],
             [
              0.2222222222222222,
              "#7201a8"
             ],
             [
              0.3333333333333333,
              "#9c179e"
             ],
             [
              0.4444444444444444,
              "#bd3786"
             ],
             [
              0.5555555555555556,
              "#d8576b"
             ],
             [
              0.6666666666666666,
              "#ed7953"
             ],
             [
              0.7777777777777778,
              "#fb9f3a"
             ],
             [
              0.8888888888888888,
              "#fdca26"
             ],
             [
              1,
              "#f0f921"
             ]
            ],
            "type": "heatmap"
           }
          ],
          "heatmapgl": [
           {
            "colorbar": {
             "outlinewidth": 0,
             "ticks": ""
            },
            "colorscale": [
             [
              0,
              "#0d0887"
             ],
             [
              0.1111111111111111,
              "#46039f"
             ],
             [
              0.2222222222222222,
              "#7201a8"
             ],
             [
              0.3333333333333333,
              "#9c179e"
             ],
             [
              0.4444444444444444,
              "#bd3786"
             ],
             [
              0.5555555555555556,
              "#d8576b"
             ],
             [
              0.6666666666666666,
              "#ed7953"
             ],
             [
              0.7777777777777778,
              "#fb9f3a"
             ],
             [
              0.8888888888888888,
              "#fdca26"
             ],
             [
              1,
              "#f0f921"
             ]
            ],
            "type": "heatmapgl"
           }
          ],
          "histogram": [
           {
            "marker": {
             "pattern": {
              "fillmode": "overlay",
              "size": 10,
              "solidity": 0.2
             }
            },
            "type": "histogram"
           }
          ],
          "histogram2d": [
           {
            "colorbar": {
             "outlinewidth": 0,
             "ticks": ""
            },
            "colorscale": [
             [
              0,
              "#0d0887"
             ],
             [
              0.1111111111111111,
              "#46039f"
             ],
             [
              0.2222222222222222,
              "#7201a8"
             ],
             [
              0.3333333333333333,
              "#9c179e"
             ],
             [
              0.4444444444444444,
              "#bd3786"
             ],
             [
              0.5555555555555556,
              "#d8576b"
             ],
             [
              0.6666666666666666,
              "#ed7953"
             ],
             [
              0.7777777777777778,
              "#fb9f3a"
             ],
             [
              0.8888888888888888,
              "#fdca26"
             ],
             [
              1,
              "#f0f921"
             ]
            ],
            "type": "histogram2d"
           }
          ],
          "histogram2dcontour": [
           {
            "colorbar": {
             "outlinewidth": 0,
             "ticks": ""
            },
            "colorscale": [
             [
              0,
              "#0d0887"
             ],
             [
              0.1111111111111111,
              "#46039f"
             ],
             [
              0.2222222222222222,
              "#7201a8"
             ],
             [
              0.3333333333333333,
              "#9c179e"
             ],
             [
              0.4444444444444444,
              "#bd3786"
             ],
             [
              0.5555555555555556,
              "#d8576b"
             ],
             [
              0.6666666666666666,
              "#ed7953"
             ],
             [
              0.7777777777777778,
              "#fb9f3a"
             ],
             [
              0.8888888888888888,
              "#fdca26"
             ],
             [
              1,
              "#f0f921"
             ]
            ],
            "type": "histogram2dcontour"
           }
          ],
          "mesh3d": [
           {
            "colorbar": {
             "outlinewidth": 0,
             "ticks": ""
            },
            "type": "mesh3d"
           }
          ],
          "parcoords": [
           {
            "line": {
             "colorbar": {
              "outlinewidth": 0,
              "ticks": ""
             }
            },
            "type": "parcoords"
           }
          ],
          "pie": [
           {
            "automargin": true,
            "type": "pie"
           }
          ],
          "scatter": [
           {
            "fillpattern": {
             "fillmode": "overlay",
             "size": 10,
             "solidity": 0.2
            },
            "type": "scatter"
           }
          ],
          "scatter3d": [
           {
            "line": {
             "colorbar": {
              "outlinewidth": 0,
              "ticks": ""
             }
            },
            "marker": {
             "colorbar": {
              "outlinewidth": 0,
              "ticks": ""
             }
            },
            "type": "scatter3d"
           }
          ],
          "scattercarpet": [
           {
            "marker": {
             "colorbar": {
              "outlinewidth": 0,
              "ticks": ""
             }
            },
            "type": "scattercarpet"
           }
          ],
          "scattergeo": [
           {
            "marker": {
             "colorbar": {
              "outlinewidth": 0,
              "ticks": ""
             }
            },
            "type": "scattergeo"
           }
          ],
          "scattergl": [
           {
            "marker": {
             "colorbar": {
              "outlinewidth": 0,
              "ticks": ""
             }
            },
            "type": "scattergl"
           }
          ],
          "scattermapbox": [
           {
            "marker": {
             "colorbar": {
              "outlinewidth": 0,
              "ticks": ""
             }
            },
            "type": "scattermapbox"
           }
          ],
          "scatterpolar": [
           {
            "marker": {
             "colorbar": {
              "outlinewidth": 0,
              "ticks": ""
             }
            },
            "type": "scatterpolar"
           }
          ],
          "scatterpolargl": [
           {
            "marker": {
             "colorbar": {
              "outlinewidth": 0,
              "ticks": ""
             }
            },
            "type": "scatterpolargl"
           }
          ],
          "scatterternary": [
           {
            "marker": {
             "colorbar": {
              "outlinewidth": 0,
              "ticks": ""
             }
            },
            "type": "scatterternary"
           }
          ],
          "surface": [
           {
            "colorbar": {
             "outlinewidth": 0,
             "ticks": ""
            },
            "colorscale": [
             [
              0,
              "#0d0887"
             ],
             [
              0.1111111111111111,
              "#46039f"
             ],
             [
